15:40:31.578	0.000000
0.000000
0.000000
15:40:36.975	126.000000
44.000000
64.000000
15:40:41.974	126.000000
44.000000
64.000000
15:40:46.974	126.000000
44.000000
64.000000
15:40:51.975	126.000000
44.000000
64.000000
15:40:56.975	126.000000
44.000000
64.000000
15:41:01.975	126.000000
44.000000
64.000000
15:41:06.976	126.000000
44.000000
64.000000
15:41:11.975	126.000000
44.000000
64.000000
15:41:16.975	126.000000
44.000000
64.000000
15:41:21.974	126.000000
44.000000
64.000000
15:41:26.976	126.000000
44.000000
64.000000
15:41:31.976	126.000000
44.000000
64.000000
15:41:36.975	126.000000
44.000000
64.000000
15:41:41.975	126.000000
44.000000
64.000000
15:41:46.975	126.000000
44.000000
64.000000
15:41:51.975	126.000000
44.000000
64.000000
15:41:56.975	126.000000
44.000000
64.000000
15:42:01.975	126.000000
44.000000
64.000000
15:42:06.975	-327.670000
-327.670000
-327.670000
15:42:11.976	-327.670000
-327.670000
-327.670000
15:42:16.976	-327.670000
-327.670000
-327.670000
15:42:21.975	-327.670000
-327.670000
-327.670000
15:42:26.976	-327.670000
-327.670000
-327.670000
15:42:31.976	-327.670000
-327.670000
-327.670000
15:42:36.975	-327.670000
-327.670000
-327.670000
15:42:41.976	-327.670000
-327.670000
-327.670000
15:42:46.975	-327.670000
-327.670000
-327.670000
15:42:51.976	-327.670000
-327.670000
-327.670000
15:42:56.975	-327.670000
-327.670000
-327.670000
15:43:01.975	-327.670000
-327.670000
-327.670000
15:43:06.976	-327.670000
-327.670000
-327.670000
15:43:11.977	-327.670000
-327.670000
-327.670000
15:43:16.976	-327.670000
-327.670000
-327.670000
15:43:21.976	-327.670000
-327.670000
-327.670000
15:43:26.976	-327.670000
-327.670000
-327.670000
15:43:31.975	-327.670000
-327.670000
-327.670000
15:43:36.975	-327.670000
-327.670000
-327.670000
15:43:41.975	113.000000
38.000000
55.000000
15:43:46.934	113.000000
38.000000
55.000000
15:43:51.976	113.000000
38.000000
55.000000
