17:12:34.302	-327.670000
-327.670000
-327.670000
17:12:39.300	-327.670000
-327.670000
-327.670000
17:12:44.301	-327.670000
-327.670000
-327.670000
17:12:49.299	-327.670000
-327.670000
-327.670000
17:12:54.283	109.000000
38.000000
55.000000
17:12:59.234	109.000000
38.000000
55.000000
17:13:04.201	109.000000
38.000000
55.000000
17:13:09.200	109.000000
38.000000
55.000000
17:13:14.301	109.000000
38.000000
55.000000
17:13:19.201	109.000000
38.000000
55.000000
17:13:24.200	109.000000
38.000000
55.000000
17:13:29.299	109.000000
38.000000
55.000000
17:13:34.200	109.000000
38.000000
55.000000
17:13:39.301	109.000000
38.000000
55.000000
17:13:44.100	109.000000
38.000000
55.000000
17:13:49.101	109.000000
38.000000
55.000000
17:13:54.101	109.000000
38.000000
55.000000
17:13:59.100	109.000000
38.000000
55.000000
17:14:04.199	109.000000
38.000000
55.000000
17:14:09.200	109.000000
38.000000
55.000000
17:14:14.101	109.000000
38.000000
55.000000
