16:31:46.790	132.000000
47.000000
68.000000
16:31:51.489	132.000000
47.000000
68.000000
16:31:56.488	132.000000
47.000000
68.000000
16:32:01.488	132.000000
47.000000
68.000000
16:32:06.489	132.000000
47.000000
68.000000
16:32:11.488	132.000000
47.000000
68.000000
16:32:16.487	132.000000
47.000000
68.000000
16:32:21.487	132.000000
47.000000
68.000000
16:32:26.489	132.000000
47.000000
68.000000
16:32:31.489	132.000000
47.000000
68.000000
16:32:36.487	132.000000
47.000000
68.000000
16:32:41.389	-327.670000
-327.670000
-327.670000
16:32:46.388	-327.670000
-327.670000
-327.670000
16:32:51.388	-327.670000
-327.670000
-327.670000
16:32:56.388	-327.670000
-327.670000
-327.670000
16:33:01.388	-327.670000
-327.670000
-327.670000
16:33:06.388	-327.670000
-327.670000
-327.670000
16:33:11.389	-327.670000
-327.670000
-327.670000
16:33:16.389	-327.670000
-327.670000
-327.670000
16:33:21.389	-327.670000
-327.670000
-327.670000
16:33:26.389	-327.670000
-327.670000
-327.670000
16:33:31.388	-327.670000
-327.670000
-327.670000
16:33:36.388	-327.670000
-327.670000
-327.670000
16:33:41.388	-327.670000
-327.670000
-327.670000
16:33:46.389	132.000000
48.000000
69.000000
16:33:51.390	132.000000
48.000000
69.000000
16:33:56.437	132.000000
48.000000
69.000000
16:34:01.418	132.000000
48.000000
69.000000
16:34:06.442	132.000000
48.000000
69.000000
