16:03:46.656	99.000000
37.000000
54.000000
16:03:51.654	99.000000
37.000000
54.000000
16:03:56.654	99.000000
37.000000
54.000000
16:04:01.653	99.000000
37.000000
54.000000
16:04:06.653	99.000000
37.000000
54.000000
16:04:11.654	99.000000
37.000000
54.000000
16:04:16.653	99.000000
37.000000
54.000000
16:04:21.653	99.000000
37.000000
54.000000
16:04:26.654	99.000000
37.000000
54.000000
16:04:31.654	99.000000
37.000000
54.000000
16:04:36.648	123.000000
48.000000
69.000000
16:04:41.680	123.000000
48.000000
69.000000
16:04:46.763	123.000000
48.000000
69.000000
