16:10:20.983	112.000000
41.000000
59.000000
16:10:25.980	112.000000
41.000000
59.000000
16:10:30.981	112.000000
41.000000
59.000000
16:10:35.980	112.000000
41.000000
59.000000
16:10:40.980	112.000000
41.000000
59.000000
16:10:45.980	112.000000
41.000000
59.000000
16:10:50.980	112.000000
41.000000
59.000000
16:10:55.980	112.000000
41.000000
59.000000
16:11:00.981	112.000000
41.000000
59.000000
16:11:05.982	112.000000
41.000000
59.000000
16:11:10.981	112.000000
41.000000
59.000000
16:11:15.980	112.000000
41.000000
59.000000
16:11:20.981	112.000000
41.000000
59.000000
16:11:25.981	112.000000
41.000000
59.000000
16:11:30.980	112.000000
41.000000
59.000000
16:11:35.981	112.000000
41.000000
59.000000
16:11:40.982	112.000000
41.000000
59.000000
16:11:45.981	112.000000
41.000000
59.000000
16:11:50.981	112.000000
41.000000
59.000000
16:11:55.980	112.000000
41.000000
59.000000
16:12:00.982	112.000000
41.000000
59.000000
16:12:05.981	112.000000
41.000000
59.000000
16:12:10.980	112.000000
41.000000
59.000000
16:12:15.981	112.000000
41.000000
59.000000
16:12:20.982	112.000000
41.000000
59.000000
16:12:25.980	112.000000
41.000000
59.000000
16:12:30.980	112.000000
41.000000
59.000000
16:12:35.981	112.000000
41.000000
59.000000
16:12:40.982	112.000000
41.000000
59.000000
16:12:45.980	112.000000
41.000000
59.000000
16:12:50.981	112.000000
41.000000
59.000000
16:12:55.982	112.000000
41.000000
59.000000
16:13:00.981	112.000000
41.000000
59.000000
16:13:05.981	112.000000
41.000000
59.000000
16:13:10.981	112.000000
41.000000
59.000000
16:13:15.981	112.000000
41.000000
59.000000
16:13:20.982	140.000000
47.000000
68.000000
16:13:25.982	140.000000
47.000000
68.000000
16:13:31.043	140.000000
47.000000
68.000000
16:13:35.955	140.000000
47.000000
68.000000
16:13:40.982	140.000000
47.000000
68.000000
