16:05:20.034	0.000000
0.000000
0.000000
16:05:25.733	139.000000
49.000000
71.000000
16:05:30.732	139.000000
49.000000
71.000000
16:05:35.733	139.000000
49.000000
71.000000
16:05:40.732	139.000000
49.000000
71.000000
16:05:45.732	139.000000
49.000000
71.000000
16:05:50.732	139.000000
49.000000
71.000000
16:05:55.733	139.000000
49.000000
71.000000
16:06:00.733	139.000000
49.000000
71.000000
16:06:05.732	139.000000
49.000000
71.000000
16:06:10.733	139.000000
49.000000
71.000000
16:06:15.732	139.000000
49.000000
71.000000
16:06:20.733	137.000000
45.000000
65.000000
16:06:25.660	137.000000
45.000000
65.000000
16:06:30.775	137.000000
45.000000
65.000000
