15:44:20.985	113.000000
38.000000
55.000000
15:44:25.982	113.000000
38.000000
55.000000
15:44:30.983	113.000000
38.000000
55.000000
15:44:35.984	113.000000
38.000000
55.000000
15:44:40.984	113.000000
38.000000
55.000000
15:44:45.982	113.000000
38.000000
55.000000
15:44:50.983	113.000000
38.000000
55.000000
15:44:55.984	113.000000
38.000000
55.000000
15:45:00.984	113.000000
38.000000
55.000000
15:45:05.982	113.000000
38.000000
55.000000
15:45:10.983	113.000000
38.000000
55.000000
15:45:15.983	113.000000
38.000000
55.000000
15:45:20.984	113.000000
38.000000
55.000000
15:45:25.983	113.000000
38.000000
55.000000
15:45:30.984	113.000000
38.000000
55.000000
15:45:35.983	113.000000
38.000000
55.000000
15:45:40.983	113.000000
38.000000
55.000000
15:45:45.983	122.000000
42.000000
61.000000
15:45:51.001	122.000000
42.000000
61.000000
15:45:55.889	122.000000
42.000000
61.000000
