16:46:59.477	-327.670000
-327.670000
-327.670000
16:47:04.475	-327.670000
-327.670000
-327.670000
16:47:09.474	-327.670000
-327.670000
-327.670000
16:47:14.474	-327.670000
-327.670000
-327.670000
16:47:19.576	-327.670000
-327.670000
-327.670000
16:47:24.475	-327.670000
-327.670000
-327.670000
16:47:29.575	-327.670000
-327.670000
-327.670000
16:47:34.475	-327.670000
-327.670000
-327.670000
16:47:39.575	-327.670000
-327.670000
-327.670000
16:47:44.575	-327.670000
-327.670000
-327.670000
16:47:49.475	-327.670000
-327.670000
-327.670000
16:47:54.475	-327.670000
-327.670000
-327.670000
16:47:59.575	-327.670000
-327.670000
-327.670000
16:48:04.575	-327.670000
-327.670000
-327.670000
16:48:09.576	-327.670000
-327.670000
-327.670000
16:48:14.475	-327.670000
-327.670000
-327.670000
16:48:19.452	122.000000
45.000000
65.000000
16:48:24.480	122.000000
45.000000
65.000000
16:48:29.541	122.000000
45.000000
65.000000
