16:20:14.105	138.000000
58.000000
83.000000
16:20:18.503	138.000000
58.000000
83.000000
16:20:23.501	138.000000
58.000000
83.000000
16:20:28.503	138.000000
58.000000
83.000000
16:20:33.503	138.000000
58.000000
83.000000
16:20:38.502	138.000000
58.000000
83.000000
16:20:43.502	138.000000
58.000000
83.000000
16:20:48.502	138.000000
58.000000
83.000000
16:20:53.502	138.000000
58.000000
83.000000
16:20:58.502	138.000000
58.000000
83.000000
16:21:03.502	138.000000
58.000000
83.000000
16:21:08.502	138.000000
58.000000
83.000000
16:21:13.502	138.000000
58.000000
83.000000
16:21:18.504	138.000000
58.000000
83.000000
16:21:23.503	138.000000
58.000000
83.000000
16:21:28.502	138.000000
58.000000
83.000000
16:21:33.503	-327.670000
-327.670000
-327.670000
16:21:38.504	-327.670000
-327.670000
-327.670000
16:21:43.502	-327.670000
-327.670000
-327.670000
16:21:48.502	-327.670000
-327.670000
-327.670000
16:21:53.503	-327.670000
-327.670000
-327.670000
16:21:58.404	-327.670000
-327.670000
-327.670000
16:22:03.502	-327.670000
-327.670000
-327.670000
16:22:08.503	-327.670000
-327.670000
-327.670000
16:22:13.504	-327.670000
-327.670000
-327.670000
16:22:18.403	-327.670000
-327.670000
-327.670000
16:22:23.402	-327.670000
-327.670000
-327.670000
16:22:28.404	-327.670000
-327.670000
-327.670000
16:22:33.403	-327.670000
-327.670000
-327.670000
16:22:38.403	-327.670000
-327.670000
-327.670000
16:22:43.403	-327.670000
-327.670000
-327.670000
16:22:48.404	-327.670000
-327.670000
-327.670000
16:22:53.404	-327.670000
-327.670000
-327.670000
16:22:58.402	-327.670000
-327.670000
-327.670000
16:23:03.403	133.000000
46.000000
67.000000
16:23:08.428	133.000000
46.000000
67.000000
16:23:13.495	133.000000
46.000000
67.000000
16:23:18.402	133.000000
46.000000
67.000000
