15:36:53.362	110.000000
45.000000
65.000000
15:36:57.360	110.000000
45.000000
65.000000
15:37:02.360	110.000000
45.000000
65.000000
15:37:07.360	110.000000
45.000000
65.000000
15:37:12.360	110.000000
45.000000
65.000000
15:37:17.360	110.000000
45.000000
65.000000
15:37:22.361	110.000000
45.000000
65.000000
15:37:27.360	110.000000
45.000000
65.000000
15:37:32.360	110.000000
45.000000
65.000000
15:37:37.360	110.000000
45.000000
65.000000
15:37:42.361	110.000000
45.000000
65.000000
15:37:47.360	110.000000
45.000000
65.000000
15:37:52.360	110.000000
45.000000
65.000000
15:37:57.361	110.000000
45.000000
65.000000
15:38:02.360	110.000000
45.000000
65.000000
15:38:07.359	110.000000
45.000000
65.000000
15:38:12.361	110.000000
45.000000
65.000000
15:38:17.361	110.000000
45.000000
65.000000
15:38:22.380	117.000000
49.000000
71.000000
15:38:27.422	117.000000
49.000000
71.000000
15:38:32.360	117.000000
49.000000
71.000000
15:38:37.360	117.000000
49.000000
71.000000
15:38:42.360	117.000000
49.000000
71.000000
15:38:47.361	117.000000
49.000000
71.000000
15:38:52.360	117.000000
49.000000
71.000000
15:38:57.361	117.000000
49.000000
71.000000
15:39:02.362	117.000000
49.000000
71.000000
