16:18:50.188	125.000000
44.000000
64.000000
16:18:53.486	125.000000
44.000000
64.000000
16:18:58.487	125.000000
44.000000
64.000000
16:19:03.488	125.000000
44.000000
64.000000
16:19:08.488	125.000000
44.000000
64.000000
16:19:13.486	125.000000
44.000000
64.000000
16:19:18.487	125.000000
44.000000
64.000000
16:19:23.487	125.000000
44.000000
64.000000
16:19:28.487	125.000000
44.000000
64.000000
16:19:33.487	125.000000
44.000000
64.000000
16:19:38.487	125.000000
44.000000
64.000000
16:19:43.487	125.000000
44.000000
64.000000
16:19:48.487	125.000000
44.000000
64.000000
16:19:53.488	138.000000
58.000000
83.000000
16:19:58.488	138.000000
58.000000
83.000000
16:20:03.526	138.000000
58.000000
83.000000
16:20:08.587	138.000000
58.000000
83.000000
