16:28:51.458	132.000000
49.000000
70.000000
16:28:56.456	132.000000
49.000000
70.000000
16:29:01.455	132.000000
49.000000
70.000000
16:29:06.456	132.000000
49.000000
70.000000
16:29:11.456	132.000000
49.000000
70.000000
16:29:16.456	132.000000
49.000000
70.000000
16:29:21.455	132.000000
49.000000
70.000000
16:29:26.455	132.000000
49.000000
70.000000
16:29:31.456	132.000000
49.000000
70.000000
16:29:36.456	132.000000
49.000000
70.000000
16:29:41.456	132.000000
49.000000
70.000000
16:29:46.456	132.000000
49.000000
70.000000
16:29:51.456	132.000000
49.000000
70.000000
16:29:56.456	132.000000
49.000000
70.000000
16:30:01.456	132.000000
49.000000
70.000000
16:30:06.457	132.000000
49.000000
70.000000
16:30:11.456	132.000000
49.000000
70.000000
16:30:16.455	-327.670000
-327.670000
-327.670000
16:30:21.457	-327.670000
-327.670000
-327.670000
16:30:26.457	-327.670000
-327.670000
-327.670000
16:30:31.456	-327.670000
-327.670000
-327.670000
16:30:36.455	-327.670000
-327.670000
-327.670000
16:30:41.457	-327.670000
-327.670000
-327.670000
16:30:46.457	-327.670000
-327.670000
-327.670000
16:30:51.455	-327.670000
-327.670000
-327.670000
16:30:56.456	-327.670000
-327.670000
-327.670000
16:31:01.456	-327.670000
-327.670000
-327.670000
16:31:06.457	-327.670000
-327.670000
-327.670000
16:31:11.456	-327.670000
-327.670000
-327.670000
16:31:16.456	-327.670000
-327.670000
-327.670000
16:31:21.456	132.000000
47.000000
68.000000
16:31:26.457	132.000000
47.000000
68.000000
16:31:31.423	132.000000
47.000000
68.000000
16:31:36.485	132.000000
47.000000
68.000000
