16:05:52.481	123.000000
48.000000
69.000000
16:05:57.479	123.000000
48.000000
69.000000
16:06:02.479	123.000000
48.000000
69.000000
16:06:07.478	123.000000
48.000000
69.000000
16:06:12.480	123.000000
48.000000
69.000000
16:06:17.478	123.000000
48.000000
69.000000
16:06:22.479	123.000000
48.000000
69.000000
16:06:27.478	123.000000
48.000000
69.000000
16:06:32.480	126.000000
48.000000
69.000000
16:06:37.535	126.000000
48.000000
69.000000
16:06:42.494	126.000000
48.000000
69.000000
16:06:47.534	126.000000
48.000000
69.000000
16:06:52.628	126.000000
48.000000
69.000000
