16:36:07.562	152.000000
51.000000
73.000000
16:36:12.561	152.000000
51.000000
73.000000
16:36:17.561	152.000000
51.000000
73.000000
16:36:22.560	152.000000
51.000000
73.000000
16:36:27.560	152.000000
51.000000
73.000000
16:36:32.561	152.000000
51.000000
73.000000
16:36:37.561	152.000000
51.000000
73.000000
16:36:42.559	152.000000
51.000000
73.000000
16:36:47.561	152.000000
51.000000
73.000000
16:36:52.561	152.000000
51.000000
73.000000
16:36:57.561	152.000000
51.000000
73.000000
16:37:02.561	152.000000
51.000000
73.000000
16:37:07.561	152.000000
51.000000
73.000000
16:37:12.561	152.000000
51.000000
73.000000
16:37:17.560	149.000000
53.000000
76.000000
16:37:22.561	149.000000
53.000000
76.000000
16:37:27.560	149.000000
53.000000
76.000000
16:37:32.493	149.000000
53.000000
76.000000
16:37:37.591	149.000000
53.000000
76.000000
