16:18:02.344	132.000000
49.000000
71.000000
16:18:07.343	132.000000
49.000000
71.000000
16:18:12.344	132.000000
49.000000
71.000000
16:18:17.343	132.000000
49.000000
71.000000
16:18:22.342	132.000000
49.000000
71.000000
16:18:27.344	132.000000
49.000000
71.000000
16:18:32.344	132.000000
49.000000
71.000000
16:18:37.343	132.000000
49.000000
71.000000
16:18:42.342	132.000000
49.000000
71.000000
16:18:47.344	-327.670000
-327.670000
-327.670000
16:18:52.342	-327.670000
-327.670000
-327.670000
16:18:57.342	-327.670000
-327.670000
-327.670000
16:19:02.344	-327.670000
-327.670000
-327.670000
16:19:07.344	-327.670000
-327.670000
-327.670000
16:19:12.343	-327.670000
-327.670000
-327.670000
16:19:17.343	-327.670000
-327.670000
-327.670000
16:19:22.344	-327.670000
-327.670000
-327.670000
16:19:27.343	-327.670000
-327.670000
-327.670000
16:19:32.342	-327.670000
-327.670000
-327.670000
16:19:37.343	-327.670000
-327.670000
-327.670000
16:19:42.343	-327.670000
-327.670000
-327.670000
16:19:47.343	-327.670000
-327.670000
-327.670000
16:19:52.342	-327.670000
-327.670000
-327.670000
16:19:57.343	-327.670000
-327.670000
-327.670000
16:20:02.343	-327.670000
-327.670000
-327.670000
16:20:07.343	-327.670000
-327.670000
-327.670000
16:20:12.344	-327.670000
-327.670000
-327.670000
16:20:17.343	-327.670000
-327.670000
-327.670000
16:20:22.344	108.000000
40.000000
58.000000
16:20:27.331	108.000000
40.000000
58.000000
16:20:32.378	108.000000
40.000000
58.000000
