16:15:52.718	133.000000
52.000000
75.000000
16:15:57.416	133.000000
52.000000
75.000000
16:16:02.416	133.000000
52.000000
75.000000
16:16:07.416	133.000000
52.000000
75.000000
16:16:12.415	133.000000
52.000000
75.000000
16:16:17.415	133.000000
52.000000
75.000000
16:16:22.415	133.000000
52.000000
75.000000
16:16:27.342	132.000000
49.000000
71.000000
16:16:32.498	132.000000
49.000000
71.000000
16:16:37.493	132.000000
49.000000
71.000000
16:16:42.385	132.000000
49.000000
71.000000
16:16:47.510	132.000000
49.000000
71.000000
16:16:54.527	132.000000
49.000000
71.000000
16:16:57.411	132.000000
49.000000
71.000000
