15:59:21.345	0.000000
0.000000
0.000000
15:59:26.657	115.000000
46.000000
67.000000
15:59:31.644	115.000000
46.000000
67.000000
15:59:36.570	126.000000
45.000000
65.000000
15:59:41.558	126.000000
45.000000
65.000000
15:59:46.573	126.000000
45.000000
65.000000
15:59:51.575	126.000000
45.000000
65.000000
15:59:56.581	126.000000
45.000000
65.000000
16:00:01.569	126.000000
45.000000
65.000000
16:00:06.555	126.000000
45.000000
65.000000
16:00:11.547	126.000000
45.000000
65.000000
16:00:16.658	126.000000
45.000000
65.000000
16:00:21.646	126.000000
45.000000
65.000000
16:00:26.637	126.000000
45.000000
65.000000
16:00:31.625	126.000000
45.000000
65.000000
16:00:36.614	126.000000
45.000000
65.000000
16:00:41.595	126.000000
45.000000
65.000000
16:00:46.770	119.000000
39.000000
57.000000
16:00:51.716	119.000000
39.000000
57.000000
16:00:56.571	119.000000
39.000000
57.000000
16:01:01.557	119.000000
39.000000
57.000000
16:01:06.553	119.000000
39.000000
57.000000
16:01:11.555	119.000000
39.000000
57.000000
16:01:16.555	119.000000
39.000000
57.000000
16:01:21.559	119.000000
39.000000
57.000000
16:01:26.561	119.000000
39.000000
57.000000
16:01:31.566	119.000000
39.000000
57.000000
16:01:36.569	119.000000
39.000000
57.000000
16:01:41.568	119.000000
39.000000
57.000000
16:01:46.564	119.000000
39.000000
57.000000
16:01:51.561	119.000000
39.000000
57.000000
16:01:56.554	119.000000
39.000000
57.000000
16:02:01.550	119.000000
39.000000
57.000000
16:02:06.560	119.000000
39.000000
57.000000
16:02:11.555	119.000000
39.000000
57.000000
16:02:16.560	119.000000
39.000000
57.000000
16:02:21.552	119.000000
39.000000
57.000000
16:02:26.539	119.000000
39.000000
57.000000
16:02:31.527	119.000000
39.000000
57.000000
16:02:36.526	119.000000
39.000000
57.000000
16:02:41.512	119.000000
39.000000
57.000000
16:02:46.622	119.000000
39.000000
57.000000
16:02:51.612	119.000000
39.000000
57.000000
16:02:56.600	119.000000
39.000000
57.000000
16:03:01.591	119.000000
39.000000
57.000000
16:03:06.587	119.000000
39.000000
57.000000
16:03:11.582	119.000000
39.000000
57.000000
16:03:16.826	131.000000
46.000000
67.000000
16:03:21.693	131.000000
46.000000
67.000000
16:03:26.820	131.000000
46.000000
67.000000
16:03:31.551	131.000000
46.000000
67.000000
16:03:36.549	131.000000
46.000000
67.000000
16:03:41.551	131.000000
46.000000
67.000000
16:03:46.561	131.000000
46.000000
67.000000
16:03:51.544	131.000000
46.000000
67.000000
16:03:56.545	131.000000
46.000000
67.000000
16:04:01.536	131.000000
46.000000
67.000000
16:04:06.544	131.000000
46.000000
67.000000
16:04:11.543	131.000000
46.000000
67.000000
16:04:16.541	131.000000
46.000000
67.000000
16:04:21.541	131.000000
46.000000
67.000000
16:04:26.542	131.000000
46.000000
67.000000
16:04:31.546	131.000000
46.000000
67.000000
16:04:36.555	131.000000
46.000000
67.000000
16:04:41.553	131.000000
46.000000
67.000000
16:04:46.552	131.000000
46.000000
67.000000
16:04:51.556	131.000000
46.000000
67.000000
16:04:56.552	131.000000
46.000000
67.000000
16:05:01.556	131.000000
46.000000
67.000000
16:05:06.552	131.000000
46.000000
67.000000
16:05:11.553	131.000000
46.000000
67.000000
16:05:16.543	131.000000
46.000000
67.000000
16:05:21.530	131.000000
46.000000
67.000000
16:05:26.523	131.000000
46.000000
67.000000
16:05:31.586	144.000000
49.000000
71.000000
16:05:36.735	144.000000
49.000000
71.000000
16:05:41.717	144.000000
49.000000
71.000000
16:05:46.558	144.000000
49.000000
71.000000
16:05:51.554	144.000000
49.000000
71.000000
16:05:56.548	144.000000
49.000000
71.000000
16:06:01.545	144.000000
49.000000
71.000000
16:06:06.543	144.000000
49.000000
71.000000
16:06:11.537	144.000000
49.000000
71.000000
16:06:16.540	144.000000
49.000000
71.000000
16:06:21.540	144.000000
49.000000
71.000000
16:06:26.540	144.000000
49.000000
71.000000
16:06:31.550	144.000000
49.000000
71.000000
16:06:36.554	144.000000
49.000000
71.000000
16:06:41.553	144.000000
49.000000
71.000000
16:06:46.555	144.000000
49.000000
71.000000
16:06:51.559	144.000000
49.000000
71.000000
16:06:56.561	144.000000
49.000000
71.000000
16:07:01.565	144.000000
49.000000
71.000000
16:07:06.567	144.000000
49.000000
71.000000
16:07:11.564	144.000000
49.000000
71.000000
16:07:16.561	144.000000
49.000000
71.000000
16:07:21.611	145.000000
52.000000
75.000000
16:07:26.482	145.000000
52.000000
75.000000
16:07:31.536	145.000000
52.000000
75.000000
16:07:36.776	145.000000
52.000000
75.000000
16:07:41.483	145.000000
52.000000
75.000000
