15:52:25.263	108.000000
39.000000
56.000000
15:52:30.260	108.000000
39.000000
56.000000
15:52:35.261	108.000000
39.000000
56.000000
15:52:40.260	108.000000
39.000000
56.000000
15:52:45.262	108.000000
39.000000
56.000000
15:52:50.261	108.000000
39.000000
56.000000
15:52:55.260	108.000000
39.000000
56.000000
15:53:00.261	108.000000
39.000000
56.000000
15:53:05.260	108.000000
39.000000
56.000000
15:53:10.261	108.000000
39.000000
56.000000
15:53:15.260	108.000000
39.000000
56.000000
15:53:20.262	108.000000
39.000000
56.000000
15:53:25.261	108.000000
39.000000
56.000000
15:53:30.260	108.000000
39.000000
56.000000
15:53:35.261	108.000000
39.000000
56.000000
15:53:40.262	108.000000
39.000000
56.000000
15:53:45.261	108.000000
39.000000
56.000000
15:53:50.260	108.000000
39.000000
56.000000
15:53:55.261	108.000000
39.000000
56.000000
15:54:00.261	-327.670000
-327.670000
-327.670000
15:54:05.260	-327.670000
-327.670000
-327.670000
15:54:10.260	-327.670000
-327.670000
-327.670000
15:54:15.261	-327.670000
-327.670000
-327.670000
15:54:20.261	-327.670000
-327.670000
-327.670000
15:54:25.261	-327.670000
-327.670000
-327.670000
15:54:30.261	-327.670000
-327.670000
-327.670000
15:54:35.261	-327.670000
-327.670000
-327.670000
15:54:40.262	-327.670000
-327.670000
-327.670000
15:54:45.260	-327.670000
-327.670000
-327.670000
15:54:50.261	-327.670000
-327.670000
-327.670000
15:54:55.262	-327.670000
-327.670000
-327.670000
15:55:00.261	-327.670000
-327.670000
-327.670000
15:55:05.262	-327.670000
-327.670000
-327.670000
15:55:10.261	-327.670000
-327.670000
-327.670000
15:55:15.262	-327.670000
-327.670000
-327.670000
15:55:20.261	-327.670000
-327.670000
-327.670000
15:55:25.261	109.000000
38.000000
55.000000
15:55:30.267	109.000000
38.000000
55.000000
15:55:35.262	109.000000
38.000000
55.000000
