16:14:28.537	140.000000
47.000000
68.000000
16:14:32.934	140.000000
47.000000
68.000000
16:14:37.935	140.000000
47.000000
68.000000
16:14:42.935	140.000000
47.000000
68.000000
16:14:47.934	-327.670000
-327.670000
-327.670000
16:14:52.935	-327.670000
-327.670000
-327.670000
16:14:57.935	-327.670000
-327.670000
-327.670000
16:15:02.935	-327.670000
-327.670000
-327.670000
16:15:07.935	-327.670000
-327.670000
-327.670000
16:15:12.935	-327.670000
-327.670000
-327.670000
16:15:17.935	-327.670000
-327.670000
-327.670000
16:15:22.934	-327.670000
-327.670000
-327.670000
16:15:27.936	-327.670000
-327.670000
-327.670000
16:15:32.935	-327.670000
-327.670000
-327.670000
16:15:37.934	-327.670000
-327.670000
-327.670000
16:15:42.935	-327.670000
-327.670000
-327.670000
16:15:47.935	-327.670000
-327.670000
-327.670000
16:15:52.935	-327.670000
-327.670000
-327.670000
16:15:57.934	-327.670000
-327.670000
-327.670000
16:16:02.935	-327.670000
-327.670000
-327.670000
16:16:07.936	-327.670000
-327.670000
-327.670000
16:16:12.934	-327.670000
-327.670000
-327.670000
16:16:17.934	-327.670000
-327.670000
-327.670000
16:16:22.936	-327.670000
-327.670000
-327.670000
16:16:27.935	-327.670000
-327.670000
-327.670000
16:16:32.934	-327.670000
-327.670000
-327.670000
16:16:37.935	-327.670000
-327.670000
-327.670000
16:16:42.936	-327.670000
-327.670000
-327.670000
16:16:47.935	-327.670000
-327.670000
-327.670000
16:16:52.934	126.000000
55.000000
79.000000
16:16:57.936	126.000000
55.000000
79.000000
16:17:02.965	126.000000
55.000000
79.000000
16:17:07.931	126.000000
55.000000
79.000000
