17:03:37.988	135.000000
51.000000
74.000000
17:03:38.685	135.000000
51.000000
74.000000
17:03:43.385	135.000000
51.000000
74.000000
17:03:48.284	-327.670000
-327.670000
-327.670000
17:03:53.385	-327.670000
-327.670000
-327.670000
17:03:58.285	-327.670000
-327.670000
-327.670000
17:04:03.386	-327.670000
-327.670000
-327.670000
17:04:08.384	-327.670000
-327.670000
-327.670000
17:04:13.286	-327.670000
-327.670000
-327.670000
17:04:18.286	-327.670000
-327.670000
-327.670000
17:04:23.286	-327.670000
-327.670000
-327.670000
17:04:28.286	-327.670000
-327.670000
-327.670000
17:04:33.286	-327.670000
-327.670000
-327.670000
17:04:38.286	-327.670000
-327.670000
-327.670000
17:04:43.386	-327.670000
-327.670000
-327.670000
17:04:48.385	-327.670000
-327.670000
-327.670000
17:04:53.385	-327.670000
-327.670000
-327.670000
17:04:58.286	-327.670000
-327.670000
-327.670000
17:05:03.286	-327.670000
-327.670000
-327.670000
17:05:08.401	133.000000
48.000000
69.000000
