15:46:06.575	122.000000
42.000000
61.000000
15:46:10.971	122.000000
42.000000
61.000000
15:46:15.971	122.000000
42.000000
61.000000
15:46:20.973	122.000000
42.000000
61.000000
15:46:25.973	122.000000
42.000000
61.000000
15:46:30.971	122.000000
42.000000
61.000000
15:46:35.972	122.000000
42.000000
61.000000
15:46:40.973	122.000000
42.000000
61.000000
15:46:45.973	122.000000
42.000000
61.000000
15:46:50.872	122.000000
42.000000
61.000000
15:46:55.872	122.000000
42.000000
61.000000
15:47:00.973	122.000000
42.000000
61.000000
15:47:05.973	122.000000
42.000000
61.000000
15:47:10.971	122.000000
42.000000
61.000000
15:47:15.972	122.000000
42.000000
61.000000
15:47:20.873	122.000000
42.000000
61.000000
15:47:25.873	122.000000
42.000000
61.000000
15:47:30.873	122.000000
42.000000
61.000000
15:47:35.872	122.000000
42.000000
61.000000
15:47:40.973	122.000000
42.000000
61.000000
15:47:45.871	122.000000
42.000000
61.000000
15:47:50.873	-327.670000
-327.670000
-327.670000
15:47:55.873	-327.670000
-327.670000
-327.670000
15:48:00.872	-327.670000
-327.670000
-327.670000
15:48:05.873	-327.670000
-327.670000
-327.670000
15:48:10.873	-327.670000
-327.670000
-327.670000
15:48:15.873	-327.670000
-327.670000
-327.670000
15:48:20.872	-327.670000
-327.670000
-327.670000
15:48:25.872	-327.670000
-327.670000
-327.670000
15:48:30.972	-327.670000
-327.670000
-327.670000
15:48:35.873	-327.670000
-327.670000
-327.670000
15:48:40.873	-327.670000
-327.670000
-327.670000
15:48:45.873	-327.670000
-327.670000
-327.670000
15:48:50.873	-327.670000
-327.670000
-327.670000
15:48:55.873	-327.670000
-327.670000
-327.670000
15:49:00.873	-327.670000
-327.670000
-327.670000
15:49:05.873	-327.670000
-327.670000
-327.670000
15:49:10.872	-327.670000
-327.670000
-327.670000
15:49:15.874	-327.670000
-327.670000
-327.670000
15:49:20.873	-327.670000
-327.670000
-327.670000
15:49:25.873	-327.670000
-327.670000
-327.670000
15:49:30.873	-327.670000
-327.670000
-327.670000
15:49:35.874	-327.670000
-327.670000
-327.670000
15:49:40.874	-327.670000
-327.670000
-327.670000
15:49:45.872	-327.670000
-327.670000
-327.670000
15:49:50.874	-327.670000
-327.670000
-327.670000
15:49:55.873	-327.670000
-327.670000
-327.670000
15:50:00.873	-327.670000
-327.670000
-327.670000
15:50:05.873	-327.670000
-327.670000
-327.670000
15:50:10.873	-327.670000
-327.670000
-327.670000
15:50:15.873	-327.670000
-327.670000
-327.670000
15:50:20.872	-327.670000
-327.670000
-327.670000
15:50:25.874	-327.670000
-327.670000
-327.670000
15:50:30.874	-327.670000
-327.670000
-327.670000
15:50:35.874	-327.670000
-327.670000
-327.670000
15:50:40.873	-327.670000
-327.670000
-327.670000
15:50:45.873	-327.670000
-327.670000
-327.670000
15:50:50.873	-327.670000
-327.670000
-327.670000
15:50:55.873	-327.670000
-327.670000
-327.670000
15:51:00.873	-327.670000
-327.670000
-327.670000
15:51:05.873	-327.670000
-327.670000
-327.670000
15:51:10.873	-327.670000
-327.670000
-327.670000
15:51:15.873	-327.670000
-327.670000
-327.670000
15:51:20.874	-327.670000
-327.670000
-327.670000
15:51:25.874	-327.670000
-327.670000
-327.670000
15:51:30.973	-327.670000
-327.670000
-327.670000
15:51:35.875	108.000000
39.000000
56.000000
15:51:40.873	108.000000
39.000000
56.000000
15:51:45.855	108.000000
39.000000
56.000000
15:51:50.873	108.000000
39.000000
56.000000
