16:04:17.663	130.000000
44.000000
63.000000
16:04:22.660	130.000000
44.000000
63.000000
16:04:27.661	130.000000
44.000000
63.000000
16:04:32.661	130.000000
44.000000
63.000000
16:04:37.660	130.000000
44.000000
63.000000
16:04:42.661	130.000000
44.000000
63.000000
16:04:47.661	130.000000
44.000000
63.000000
16:04:52.660	130.000000
44.000000
63.000000
16:04:57.660	139.000000
49.000000
71.000000
16:05:02.742	139.000000
49.000000
71.000000
16:05:07.685	139.000000
49.000000
71.000000
16:05:12.661	139.000000
49.000000
71.000000
