16:23:24.943	133.000000
46.000000
67.000000
16:23:28.441	133.000000
46.000000
67.000000
16:23:33.440	133.000000
46.000000
67.000000
16:23:38.441	133.000000
46.000000
67.000000
16:23:43.441	133.000000
46.000000
67.000000
16:23:48.440	133.000000
46.000000
67.000000
16:23:53.440	133.000000
46.000000
67.000000
16:23:58.441	133.000000
46.000000
67.000000
16:24:03.441	133.000000
46.000000
67.000000
16:24:08.441	133.000000
46.000000
67.000000
16:24:13.441	133.000000
46.000000
67.000000
16:24:18.442	133.000000
46.000000
67.000000
16:24:23.441	133.000000
46.000000
67.000000
16:24:28.441	133.000000
46.000000
67.000000
16:24:33.441	133.000000
46.000000
67.000000
16:24:38.441	133.000000
46.000000
67.000000
16:24:43.441	133.000000
46.000000
67.000000
16:24:48.441	133.000000
46.000000
67.000000
16:24:53.442	-327.670000
-327.670000
-327.670000
16:24:58.442	-327.670000
-327.670000
-327.670000
16:25:03.440	-327.670000
-327.670000
-327.670000
16:25:08.441	-327.670000
-327.670000
-327.670000
16:25:13.442	-327.670000
-327.670000
-327.670000
16:25:18.442	-327.670000
-327.670000
-327.670000
16:25:23.441	-327.670000
-327.670000
-327.670000
16:25:28.441	-327.670000
-327.670000
-327.670000
16:25:33.442	-327.670000
-327.670000
-327.670000
16:25:38.441	-327.670000
-327.670000
-327.670000
16:25:43.442	-327.670000
-327.670000
-327.670000
16:25:48.442	-327.670000
-327.670000
-327.670000
16:25:53.442	-327.670000
-327.670000
-327.670000
16:25:58.441	132.000000
49.000000
70.000000
16:26:03.492	132.000000
49.000000
70.000000
16:26:08.391	132.000000
49.000000
70.000000
16:26:13.491	132.000000
49.000000
70.000000
