16:10:48.575	117.000000
46.000000
67.000000
16:10:53.474	117.000000
46.000000
67.000000
16:10:58.473	117.000000
46.000000
67.000000
16:11:03.474	117.000000
46.000000
67.000000
16:11:08.473	117.000000
46.000000
67.000000
16:11:13.473	117.000000
46.000000
67.000000
16:11:18.474	117.000000
46.000000
67.000000
16:11:23.474	116.000000
44.000000
64.000000
16:11:28.489	116.000000
44.000000
64.000000
16:11:33.450	116.000000
44.000000
64.000000
16:11:38.542	116.000000
44.000000
64.000000
16:11:43.512	116.000000
44.000000
64.000000
