15:39:12.558	117.000000
49.000000
71.000000
15:39:17.355	117.000000
49.000000
71.000000
15:39:22.357	117.000000
49.000000
71.000000
15:39:27.357	117.000000
49.000000
71.000000
15:39:32.357	117.000000
49.000000
71.000000
15:39:37.356	117.000000
49.000000
71.000000
15:39:42.357	117.000000
49.000000
71.000000
15:39:47.356	117.000000
49.000000
71.000000
15:39:52.356	117.000000
49.000000
71.000000
15:39:57.356	117.000000
49.000000
71.000000
15:40:02.357	117.000000
49.000000
71.000000
15:40:07.356	117.000000
49.000000
71.000000
15:40:12.357	126.000000
44.000000
64.000000
15:40:17.300	126.000000
44.000000
64.000000
15:40:22.356	126.000000
44.000000
64.000000
