17:08:33.270	-327.670000
-327.670000
-327.670000
17:08:38.167	-327.670000
-327.670000
-327.670000
17:08:43.168	-327.670000
-327.670000
-327.670000
17:08:48.167	-327.670000
-327.670000
-327.670000
17:08:53.268	-327.670000
-327.670000
-327.670000
17:08:58.267	-327.670000
-327.670000
-327.670000
17:09:03.267	-327.670000
-327.670000
-327.670000
17:09:08.169	-327.670000
-327.670000
-327.670000
17:09:13.267	-327.670000
-327.670000
-327.670000
17:09:18.167	-327.670000
-327.670000
-327.670000
17:09:23.267	-327.670000
-327.670000
-327.670000
17:09:28.269	-327.670000
-327.670000
-327.670000
17:09:33.167	-327.670000
-327.670000
-327.670000
17:09:38.268	-327.670000
-327.670000
-327.670000
17:09:43.269	-327.670000
-327.670000
-327.670000
17:09:48.269	-327.670000
-327.670000
-327.670000
17:09:53.168	-327.670000
-327.670000
-327.670000
17:09:58.267	-327.670000
-327.670000
-327.670000
17:10:03.269	-327.670000
-327.670000
-327.670000
17:10:08.268	-327.670000
-327.670000
-327.670000
17:10:13.268	-327.670000
-327.670000
-327.670000
17:10:18.268	-327.670000
-327.670000
-327.670000
17:10:23.242	-327.670000
-327.670000
-327.670000
17:10:28.225	-327.670000
-327.670000
-327.670000
17:10:33.268	-327.670000
-327.670000
-327.670000
17:10:38.168	-327.670000
-327.670000
-327.670000
17:10:43.268	-327.670000
-327.670000
-327.670000
17:10:48.268	-327.670000
-327.670000
-327.670000
17:10:53.268	-327.670000
-327.670000
-327.670000
17:10:58.168	-327.670000
-327.670000
-327.670000
17:11:03.169	-327.670000
-327.670000
-327.670000
17:11:08.167	-327.670000
-327.670000
-327.670000
17:11:13.169	-327.670000
-327.670000
-327.670000
17:11:18.168	-327.670000
-327.670000
-327.670000
17:11:23.268	-327.670000
-327.670000
-327.670000
17:11:28.169	-327.670000
-327.670000
-327.670000
17:11:33.169	-327.670000
-327.670000
-327.670000
17:11:38.268	-327.670000
-327.670000
-327.670000
