16:26:20.480	132.000000
49.000000
70.000000
16:26:23.768	132.000000
49.000000
70.000000
16:26:28.424	132.000000
49.000000
70.000000
16:26:33.449	132.000000
49.000000
70.000000
16:26:38.462	132.000000
49.000000
70.000000
16:26:43.398	132.000000
49.000000
70.000000
16:28:01.561	132.000000
49.000000
70.000000
16:28:01.950	132.000000
49.000000
70.000000
16:28:02.236	132.000000
49.000000
70.000000
16:28:02.517	132.000000
49.000000
70.000000
16:28:02.787	132.000000
49.000000
70.000000
16:28:03.058	132.000000
49.000000
70.000000
16:28:03.333	132.000000
49.000000
70.000000
16:28:03.606	132.000000
49.000000
70.000000
16:28:03.875	132.000000
49.000000
70.000000
16:28:04.147	132.000000
49.000000
70.000000
16:28:04.425	132.000000
49.000000
70.000000
16:28:04.709	132.000000
49.000000
70.000000
16:28:04.987	132.000000
49.000000
70.000000
16:28:05.270	132.000000
49.000000
70.000000
16:28:05.553	132.000000
49.000000
70.000000
16:28:05.830	132.000000
49.000000
70.000000
16:28:08.448	132.000000
49.000000
70.000000
16:28:13.376	132.000000
49.000000
70.000000
