17:20:15.377	123.000000
51.000000
74.000000
17:20:20.364	123.000000
51.000000
74.000000
17:20:25.477	123.000000
51.000000
74.000000
17:20:30.353	123.000000
51.000000
74.000000
17:20:35.374	123.000000
51.000000
74.000000
17:20:40.374	123.000000
51.000000
74.000000
17:20:45.490	123.000000
51.000000
74.000000
17:20:50.375	123.000000
51.000000
74.000000
17:20:55.374	123.000000
51.000000
74.000000
17:21:00.375	123.000000
51.000000
74.000000
17:21:05.376	123.000000
51.000000
74.000000
17:21:10.375	123.000000
51.000000
74.000000
17:21:15.374	123.000000
51.000000
74.000000
17:21:20.374	123.000000
51.000000
74.000000
17:21:25.532	127.000000
51.000000
73.000000
17:21:30.487	127.000000
51.000000
73.000000
17:21:35.375	127.000000
51.000000
73.000000
17:21:40.376	127.000000
51.000000
73.000000
