16:00:31.775	-327.670000
-327.670000
-327.670000
16:00:36.774	-327.670000
-327.670000
-327.670000
16:00:41.774	-327.670000
-327.670000
-327.670000
16:00:46.774	-327.670000
-327.670000
-327.670000
16:00:51.774	-327.670000
-327.670000
-327.670000
16:00:56.774	-327.670000
-327.670000
-327.670000
16:01:01.773	-327.670000
-327.670000
-327.670000
16:01:06.773	-327.670000
-327.670000
-327.670000
16:01:11.775	-327.670000
-327.670000
-327.670000
16:01:16.773	-327.670000
-327.670000
-327.670000
16:01:21.773	-327.670000
-327.670000
-327.670000
16:01:26.773	-327.670000
-327.670000
-327.670000
16:01:31.775	-327.670000
-327.670000
-327.670000
16:01:36.774	-327.670000
-327.670000
-327.670000
16:01:41.773	-327.670000
-327.670000
-327.670000
16:01:46.774	-327.670000
-327.670000
-327.670000
16:01:51.775	-327.670000
-327.670000
-327.670000
16:01:56.773	130.000000
44.000000
63.000000
16:02:01.765	130.000000
44.000000
63.000000
16:02:06.742	130.000000
44.000000
63.000000
16:02:11.781	130.000000
44.000000
63.000000
16:02:16.774	130.000000
44.000000
63.000000
